=== a ===
0.09789712500014502
0.09067445799973939
0.09988974999987477
0.10113516699993852
0.09210112499977186
0.1013388340002166
0.08936791699989044
0.09081970899978842
0.09308570800021698
0.10414979100005439
0.09206708300007449
0.09528470799978095
0.09123895800030368
0.09305783299987525
0.09097699999983888
0.09988791699970534
0.09141712500013455
0.09712183300007382
0.09836995899968315
0.09774695900023289
0.09869299999991199
0.10036462500011112
0.08984479099990494
0.09236349999991944
0.09055058300009478
0.09515141600013521
0.09384079200026463
0.09308808300011151
0.09303270800000973
0.10123908399964421

=== b ===
0.09228854200000569
0.09047658300005423
0.10139579199994841
0.09338483300007283
0.0899104170002829
0.09134012499998789
0.09820508299981157
0.09155766699996093
0.09362791700004891
0.09036408399970242
0.0922475829997893
0.09396354199998314
0.09250849999989441
0.09985662500002945
0.09359829200002423
0.0915012079999542
0.09048054200002298
0.09234091700000135
0.09382058300025164
0.0930562089997693
0.09897924999995666
0.09234462499989604
0.09210120800025834
0.09291416699988986
0.09026770900027259
0.10142450000012104
0.09394387500015
0.09715899999991962
0.10102958300012688
0.09735487500029194
